436
444
87
464
499
470
426
332
440
145
80
196
375
180
22
73
266
229
496
201
179
3
448
166
82
459
238
20
61
78
150
360
384
407
195
446
32
146
43
40
16
328
450
257
354
144
242
290
494
382
439
409
94
0
123
148
264
77
164
476
127
165
389
71
373
397
341
249
6
218
136
372
225
408
28
90
175
278
435
187
432
376
425
486
13
209
107
374
371
418
315
228
140
168
458
237
45
279
427
68
326
14
97
284
362
272
219
270
303
83
478
394
108
368
210
191
262
412
370
9
291
143
301
223
170
485
393
306
379
398
192
24
471
468
84
283
113
417
88
220
256
178
59
487
259
414
130
462
449
348
330
304
311
463
350
265
357
235
93
472
60
288
69
169
33
405
343
385
424
322
199
289
431
197
183
273
355
58
365
401
116
333
340
287
222
296
381
314
254
246
173
396
252
336
110
339
460
157
41
359
215
346
230
420
312
34
461
482
137
390
36
67
292
12
441
310
56
17
125
498
386
244
452
349
212
98
313
415
19
147
124
52
176
139
29
317
185
154
122
95
353
129
181
321
54
451
241
152
299
99
438
316
189
128
423
443
217
106
277
141
447
109
243
298
75
38
11
383
62
305
477
274
493
214
172
258
327
286
216
85
5
70
205
159
411
21
126
455
404
227
454
177
105
206
74
413
118
434
51
63
430
309
26
457
48
240
35
15
46
208
104
329
248
261
231
188
100
421
474
158
4
171
232
245
153
92
297
121
207
226
18
445
366
325
282
213
378
151
103
193
416
364
294
134
267
428
268
115
453
276
260
149
419
429
194
114
319
320
324
480
53
367
55
162
380
198
433
89
120
133
481
490
49
347
101
281
358
211
410
86
400
239
142
302
399
406
119
307
27
117
335
271
102
174
2
37
234
337
269
295
