121
26
110
60
24
188
149
225
42
87
97
251
71
36
123
21
140
136
116
152
273
202
221
30
75
109
16
220
218
211
179
249
296
135
248
186
199
196
192
181
241
167
293
111
159
255
2
212
170
92
271
177
290
133
223
253
268
107
150
278
117
194
78
237
262
8
28
91
138
204
297
258
169
6
145
113
94
195
272
45
257
266
235
99
63
175
275
74
210
147
185
102
112
52
146
41
295
64
67
260
189
285
298
279
83
103
205
125
201
206
10
22
162
139
126
154
264
11
14
129
269
176
270
122
17
234
151
23
198
213
158
131
114
70
197
95
13
69
44
134
18
49
231
32
161
228
62
54
79
85
288
50
47
156
33
43
217
128
178
66
3
229
276
120
277
76
207
80
25
142
215
72
153
12
90
243
242
119
101
55
209
20
219
59
137
39
34
89
250
247
261
148
282
227
29
168
0
171
172
48
292
166
38
203
240
183
98
230
244
73
27
100
286
93
187
35
96
246
68
127
37
239
57
182
104
130
144
7
163
31
274
53
226
289
105
174
208
1
88
281
